nohup: ignoring input
{'ET': ['THR100', 'THR101', 'THR102', 'THR104', 'THR116', 'THR136', 'THR137'], 'normal': ['A019', 'A023', 'N084', 'THR039', 'THR053']}
('/home/luzhao/THR104_analysis/finalmutation/mutation_common_except_normal.csv', '/home/luzhao/THR104_analysis/finalmutation/mutation_common_except_normal.supp', '/home/luzhao/THR104_analysis/finalmutation/mutation_common_except_normal.norm')
('THR101', '/home/luzhao/THR104_analysis/mutationSam/THR101', '/home/luzhao/THR104_analysis/all_alignment/THR101')
1480
212
7376
96
784
1057
1154
16879
431
4690
6394
1675
7682
8488
75
822
15021
395
90
162
862
1543
0
2533
588
7210
539
0
1286
171
565
73
2106
7557
3070
2380
550
4613
216950
3489
2315
236
441
17794
17444
1637
('A019', '/home/luzhao/THR104_analysis/mutationSam/A019', '/home/luzhao/THR104_analysis/all_alignment/A019')
770
482
8952
2044
628
871
349
23157
235
79
22109
5041
25634
24289
18
1123
12851
130
199
297
7170
9356
0
2411
1940
23874
6770
0
8576
333
7119
436
969
9133
10779
90
826
79
145764
2625
1188
242
205
23247
18736
787
('THR100', '/home/luzhao/THR104_analysis/mutationSam/THR100', '/home/luzhao/THR104_analysis/all_alignment/THR100')
1594
604
12129
278
1230
1469
1735
46603
368
9189
19300
2498
22168
23837
403
2671
19599
508
233
473
2622
4872
0
6335
906
20934
2205
0
3640
484
2245
163
3136
12321
6987
4050
542
9049
146447
5214
4675
271
338
48615
52633
3272
('THR053', '/home/luzhao/THR104_analysis/mutationSam/THR053', '/home/luzhao/THR104_analysis/all_alignment/THR053')
965
954
7351
403
2032
3351
2923
19485
687
2347
17896
5496
17704
16310
17
2602
30835
920
276
714
2365
2014
0
4464
1010
18374
3544
0
5598
734
3674
211
8595
7493
2653
1398
674
2307
264359
14706
1179
719
667
19142
16827
7567
('N084', '/home/luzhao/THR104_analysis/mutationSam/N084', '/home/luzhao/THR104_analysis/all_alignment/N084')
202
176
4246
85
509
1228
953
8067
660
349
8174
3025
7352
6990
8
1915
8319
278
66
530
503
692
0
1910
588
8320
1164
0
1964
555
1190
81
7191
4355
1208
151
282
355
265797
6437
547
565
611
8439
7587
7417
('A023', '/home/luzhao/THR104_analysis/mutationSam/A023', '/home/luzhao/THR104_analysis/all_alignment/A023')
1942
564
10572
2794
829
615
188
23278
190
136
23506
5671
28252
27356
14
906
11612
151
184
194
8378
12986
0
2075
3023
26193
8140
0
9933
208
8541
459
637
10868
13556
357
943
119
121667
1796
1796
248
176
23436
20415
950
('THR039', '/home/luzhao/THR104_analysis/mutationSam/THR039', '/home/luzhao/THR104_analysis/all_alignment/THR039')
512
514
6828
284
1044
1597
1452
11252
786
1964
9529
3780
9488
8959
22
2271
18996
633
106
505
886
1565
0
2896
551
9799
1471
0
3333
538
1536
120
10811
6996
1251
1489
375
1942
419935
14582
720
449
758
11456
10268
8995
('THR102', '/home/luzhao/THR104_analysis/mutationSam/THR102', '/home/luzhao/THR104_analysis/all_alignment/THR102')
1566
824
12343
290
1386
2303
2616
34448
511
3913
17315
1229
17260
16637
45
1494
9418
229
117
318
2444
2584
0
4475
832
17845
1549
0
4355
334
1599
79
4223
12687
7433
2041
778
3861
116101
8995
4055
246
481
33033
24915
6532
('THR137', '/home/luzhao/THR104_analysis/mutationSam/THR137', '/home/luzhao/THR104_analysis/all_alignment/THR137')
1086
1264
12234
242
2325
4988
7832
24451
381
2241
21587
3832
21298
20431
83
2188
15131
809
261
490
2031
1623
0
5584
1274
22075
3219
0
3045
512
3320
57
9023
12573
5567
1382
671
2205
95107
13807
1562
742
359
23971
18159
9260
('THR136', '/home/luzhao/THR104_analysis/mutationSam/THR136', '/home/luzhao/THR104_analysis/all_alignment/THR136')
1149
1487
15983
277
2396
4431
6773
30736
864
3015
22091
4008
21390
20775
55
2907
17161
792
280
702
2474
1938
0
7921
1468
22769
2549
0
3934
729
2657
85
7860
16364
5837
1961
844
2956
169628
12989
1938
628
773
30154
22487
10765
('THR104', '/home/luzhao/THR104_analysis/mutationSam/THR104', '/home/luzhao/THR104_analysis/all_alignment/THR104')
1389
752
15541
623
1997
3274
4442
69038
455
3597
31544
5280
31224
29393
121
4280
18016
382
357
636
2650
2573
0
7920
643
32652
813
0
5225
659
843
97
4891
15812
5340
2114
912
3543
122982
8972
2931
473
429
67586
49739
6339
('THR116', '/home/luzhao/THR104_analysis/mutationSam/THR116', '/home/luzhao/THR104_analysis/all_alignment/THR116')
2851
2151
25716
389
3679
10437
15056
53685
563
4600
43223
12580
42963
41643
122
4454
34665
1921
409
924
3923
2118
0
16085
3011
44306
7093
0
3953
967
7442
222
14374
26406
12939
2855
1423
4553
61491
23437
2987
1238
538
52614
39496
16369
finish the extracting the all alignments
